3356
1380482
1457116
2426134
2484061
3294567
5357282
6930220
7123190
7146426
7187979
7304652
9233315
9725104
10861557
11172930
11343244
11455876
12000364
13494217
13635247
13720096
13792188
14031644
14116792
16021294
16394433
16830040
17219628
17408310
18863838
19190376
21207927
22051384
22096085
22515479
22642372
23891109
24031173
24616598
25091009
25924951
26785886
27623168
28989481
29952798
30077293
30973343
30985363
32124091
32336110
34407085
34513247
37227391
38929670
39247660
39302649
39809654
40890032
41356167
41445848
41816071
42655150
42731499
44823233
45633345
45848821
46130965
47306462
47407381
48401756
49759644
50356968
51710808
51732638
52107406
52334923
52655917
53507502
56102183
56583424
57013505
57411960
58512649
59662363
60721999
61719496
61884272
63479464
63579568
64236762
64811254
65024776
65182488
68964457
70038111
70237851
70284983
70303655
70775125
71322488
71395795
71460361
72493249
72624246
72807200
73177299
73558351
73913493
74523063
74698811
75626203
75632784
75793467
76022982
76172272
77615963
77728606
78489872
78975214
79244369
79934862
80392116
80505803
80601039
81445603
81759531
85701595
86092178
86881012
87038101
87087710
88594889
89485759
90501364
90555508
91229385
91635077
93057658
93224955
94420756
94533227
95870117
95947057
96450556
98751059
99042881
100882902
100939010
101366004
101600377
103798463
103866898
104266073
104306086
104420886
104531273
104589959
105347471
107608999
108194042
108457816
108676135
109639910
111421156
111465003
111780361
112139648
112472997
112520222
112571850
113870481
113975243
114261009
114944448
115223089
116343985
116443576
119147622
119626785
120112781
120213884
121422486
121517698
121804615
122445775
122546996
122555069
122645117
122662917
122931191
123537958
124554337
124596599
125531940
125570437
126091355
127439620
127525329
128290000
128336619
128431233
128793154
129219139
131072645
131178118
132317031
132371992
135000342
135202944
135237458
135637703
135728097
135888060
137495970
137862643
138364478
138550930
139278910
140013070
140122164
140705438
141251612
141614656
143258143
144118536
144356806
144412273
145811590
146434740
146654498
147138107
148606801
148744990
148761110
149839693
152627147
153026256
153116242
153789500
154221484
154250935
154479959
154951672
154956209
155349907
156236340
156280450
157252962
158046936
158463219
158847591
158958904
159000542
160005145
160180917
161081312
161757166
161849645
161855409
162942644
162944519
163156728
164242744
164938066
166044321
169494589
171053921
171327772
171735864
172716966
174312479
174365938
174525847
174830447
175047112
178700329
178834446
179102033
179521326
180980483
181474383
182228876
182452667
182644465
182804836
183515500
185848118
186100231
187319373
188113362
189997111
190334084
191127434
191200305
191231410
191369452
193778906
195303659
195723094
196026974
196748813
198180604
198473287
199376666
199436788
199583704
200802949
201842356
201947877
202026494
202444236
202936867
204117719
204128824
205130370
205828915
206218815
206452987
207125544
207232886
207766370
208390963
208803044
210012079
210324159
211152350
211349122
211832494
213190699
213916538
215077564
216898332
217407254
217648681
218808595
219836764
220425512
220428232
222728078
223235790
223757713
225073000
225335799
226458954
226707552
228182410
228390777
229104009
229171418
229308091
229592291
230068589
231275264
232194702
232909035
232996730
234471860
234859734
234867258
235227324
235846897
235953336
237535461
239471176
239689187
242451921
242896036
244720305
244761400
245236755
245740207
247043120
247217318
247691381
247908551
248147305
248152955
248414412
249631424
249798560
250235848
250252157
250290819
251698010
251748627
252589662
254009242
254601553
254802787
255466052
256179410
256219589
257497365
258632016
260171108
261155833
261976275
262614397
264335890
264699367
264937027
265453181
265465543
266061525
266786243
267250044
268427890
268524571
269437511
271077259
271132055
271830092
272643547
273267402
275211697
275983709
276304151
276468529
276838284
277119058
279067402
280652516
280737812
281759522
281781162
281845018
282041007
282735987
282869788
283200867
283800865
283846801
284386577
285993373
286102295
286338788
287349702
287675651
288795268
289900195
291675471
292063398
292146341
292381916
292861753
293502521
296666478
296676579
297356438
297512482
297581144
297809243
298140628
298626565
298951407
299085100
301142496
301276230
302269976
302563008
303449997
303489716
303785256
303963058
304947215
305040615
307789734
308779309
308866411
309904699
310418874
311004075
311112315
311388301
312248852
312493831
312530618
313077952
315332247
315858974
316053605
316336991
316364806
317531991
319423894
319984713
320469929
321891315
324369598
325146031
325202969
325341723
325575149
325826869
326025566
326780313
327559220
328022930
328745446
330720475
332002065
333087715
333263036
333429650
333664489
333780462
333818008
334058242
334523689
334996282
335052087
335306591
335447916
335674254
336257778
336395829
336736827
337924544
337932920
338400847
339183459
339816384
341451185
341588252
342265067
342613441
346238226
347235643
347535711
348905114
349263921
349972304
350796725
351623964
352522761
353856620
354355920
354700257
355026354
355841515
357357975
357671571
359252013
359752566
359842677
360996630
361027855
361370113
362260654
363403318
363484520
363821134
366114062
366455589
366951462
368395077
369502461
371104673
371895274
372155871
373463099
373546297
373817055
373965840
374865051
376371800
378862123
379808232
379890543
380297658
381894386
382664313
382687922
383742950
384042120
384708879
384776517
385070660
385311719
387617675
387638574
389438007
389700880
389742843
390020345
391038392
391137900
391228167
393991913
394069214
394509517
394681324
395510252
396782570
397295488
397697974
398729326
399758689
400290430
401876742
402039877
402426331
402462937
402913686
404561154
405368540
405409452
405902916
406263182
406468323
406698838
407552323
408378381
408438305
408799558
409002301
409074431
409736714
409745110
410287918
410971293
411157096
411297210
411418070
411922876
412284049
412831860
413147708
413374735
413949669
414008629
414376294
415346618
415573324
417118295
417200314
417422395
418257928
419105653
419532851
420980840
421054084
421382764
421778990
422121130
422559208
422814764
424082552
424197003
424639559
425392335
425434397
425557827
425743450
426637456
426876335
427283677
428714104
429097779
429453661
429830957
429958143
430267887
430458426
434477190
434839085
435282661
435595030
435869388
436382795
437375058
438322871
438465028
438987512
438996082
440884991
441090871
441482545
442651593
443261691
444866897
445208188
446277203
446697588
447217541
447221201
448181529
448905451
449538323
449856213
449898700
453106980
453322411
453550493
455344692
456575899
456721328
459210620
459219958
459265283
459345810
460029550
460417631
460420795
460611561
462184121
462432446
462483860
463184363
463472692
463761254
464216319
464307938
465288576
465513657
465711768
466816629
468001227
468191550
469359241
469552549
471500246
473555399
473573017
474340401
474560009
475550262
476847829
476906174
477960356
478648061
479129635
479790629
481022802
481474202
481979482
482222432
482823395
483016655
483295135
484035818
485530843
487394254
487688843
488259591
489102426
489513425
490979527
491062038
491718490
491731680
491987529
493167698
493616508
495933471
496196017
497003181
498242430
499188700
500092096
500852363
500949088
501134337
501507241
501841421
501885320
502645821
503622686
503901516
504516420
504570861
506216790
506296231
506939781
507413170
509064934
509733784
510175025
510616127
511579919
512980148
513390023
513397614
515904054
515987380
516490493
517684338
518842108
521175953
521252338
521400901
522312574
522573098
522663413
522738023
523129490
523145393
524552778
524668125
525672574
526604178
526888699
527330624
528233102
530069309
530726804
531276343
532612167
533045802
533492680
534569094
535131058
536046600
537356952
539017569
539205763
542389587
542707556
544745452
544771761
545009678
545554412
545846460
546006788
546235384
548270777
550497654
551258987
552015361
552420210
552621553
553988698
554485854
555976458
556555191
556655282
558325393
558477502
558603659
559640917
560472146
560497453
560566509
561019660
562914467
562935291
564041749
565146209
565155108
565921479
565925819
567293970
567658524
567978381
568111532
568715705
569068200
569886045
570173157
570913681
571393171
572695934
572946699
573319434
574410531
577105405
577132776
577597315
577874218
579027525
579429833
579975487
580453884
580768165
581374677
582293836
582479405
583159355
583576811
584179627
585854806
586597607
587082553
587551228
587836574
588764245
589497165
589791863
591787188
592341456
592413557
592601098
593137535
594512267
594953108
595581123
596025301
596693918
596958924
597334271
600284804
600894370
603614325
604167840
604277835
605975154
606253498
607509307
607979163
608392248
608468522
608933525
610036762
610737515
612218701
612281304
612340590
612481708
612578751
612961122
613854741
614325227
615616925
615692699
616124644
616341428
616555399
616867314
617242260
617534446
618236621
618939969
620196694
623398124
623401994
623998579
624575097
626636718
627148575
627480958
627511362
627560886
628863818
629541651
630324811
630714537
630922708
630997021
631653035
631995791
633212119
633433938
633520159
635521240
635617703
636481317
637781928
638598253
638647293
639571122
640298414
640683159
641056518
641651294
642479584
642543860
642716229
642900251
643031711
643192992
644419219
644804262
645191555
646945798
648094846
649203247
651041410
651374917
651884181
652450169
652617109
653749131
653875707
654795599
654945127
655101909
655536533
655880986
656904790
657084477
657641250
657805210
659599793
659817514
662266669
662539723
662627681
664138062
664257971
664618035
664623947
664639946
664889962
665114301
665252562
666310845
666362395
666433060
666463776
667708010
668437180
668536452
669087843
670705484
671356097
671605431
671808110
672552229
672572080
673618516
673777189
674179737
674423374
674433294
675265723
675365288
676165437
677561424
678084849
678916228
678969063
679150666
679609228
679853027
680433369
680486208
681831419
682603488
682707957
682857550
682917087
683280344
683455294
685123235
685910681
687648252
687883579
688376642
688561773
688674593
688865631
689505594
691215448
691826137
691851341
692203143
692276370
692855924
692941024
694213935
694266240
694543346
694834972
696129049
697319033
698161819
698544935
699062045
700611974
704446550
704887216
705312578
705695833
707080183
707319800
707425122
707603173
708694819
708908106
710243113
712116335
713368108
713435881
716257143
717018048
717816313
717899194
718339548
718547298
718782697
719816637
721264752
722047691
723700563
724060962
725190525
725483246
725542390
726395596
727776243
728171500
729782185
729863567
730871759
731665900
731731710
733535714
733695457
734810795
735032044
735919200
737345646
738670057
738718559
738834198
739520296
740202653
740464429
740697134
742251765
742398365
742436451
743781912
744213477
744921569
745063155
745511841
745985629
746625586
746662168
747258073
748039328
748290113
748490902
748555173
748811665
750440964
750567210
751075320
751227981
751728218
751866532
751963224
752489773
752948081
752971526
753685685
753887553
754265767
754346078
754728445
756185561
756235563
756331943
756862599
756869313
759768336
760361513
761047826
761053303
761716176
761804435
762243686
762719457
762849943
764183322
764435957
764984537
765572517
765856581
766072680
766680614
766780474
766785060
767607293
767862121
768299717
768380991
769320061
769560374
769726522
769914145
770195300
770424423
770625687
771750243
773612002
773651949
773676833
774553447
774570627
774920822
777142441
778096731
778539287
778784292
778852665
779739572
780732955
782122310
782616613
783109296
783142528
783560374
784509377
784515765
784559071
784750530
785171022
785504765
785665054
785995666
786044807
787132733
787325048
787651839
787696409
787909802
788338584
790446737
790775908
790844152
792125115
792400288
792426001
792699187
792756638
793219450
794022267
794119624
794349159
795100145
795669313
797781725
797790451
797971702
798209073
798498984
798900350
799173297
799409651
799820574
800241172
800528704
801880257
802295472
804399451
804443304
805795795
806750964
806863848
807063368
807570646
807963807
808643274
809451425
810380407
810702062
810881403
811433625
811983836
812489616
812827235
813359850
813649896
814161180
815980607
816845487
816929166
817619700
817964261
818403718
818859518
819192516
819848951
819908136
820524459
821254742
821658198
821779096
821901601
822100627
822700898
823742450
824244550
824758653
824873897
825395194
825734803
826128238
826448804
826653277
827799189
828639418
829845247
830153989
830302297
830494869
830762409
831275753
832409596
832413614
832638987
833550596
834189263
834428519
837075550
837708328
838090049
838939335
839683244
840479870
841558290
841705141
842148463
842152274
842478320
842973959
843324677
843717713
845331744
845404200
847044947
847481309
849671948
850301238
851283663
851488098
852058229
852419572
855166862
856330871
857263673
857474503
858191169
858193639
860178198
860247907
860937455
861472655
862006564
862113133
862147575
862556907
863499361
865636058
866872916
867698705
867747222
867976668
869374561
869609814
869697693
870004338
870487158
870959330
871759854
872675767
873306935
874492585
876203550
876421673
876628555
876975625
877159230
877298655
879397667
879408102
879489532
881494386
882094117
882936471
883268792
883393777
884075740
884333455
884595313
886025633
886245277
886322605
888648974
889056985
889229224
891020804
892690598
893016887
893605543
893687810
894161108
895406025
898051889
898515888
898800126
898935819
900089973
900195370
900288324
900795602
901414869
902199137
902442597
902487259
903500889
904263198
904868731
905017933
905115984
905131006
905966198
906647254
907460041
908546759
908742927
908883558
909594675
910191723
910659793
910790259
912140219
912213706
912576603
913520701
914312400
915015900
916842413
917097159
917302402
918326130
918650228
919055030
919547319
919582633
920019309
920373115
920412474
921034090
921675091
921733422
922074336
923956562
924293281
925609048
926151738
926686639
927263599
929061435
929605838
929813668
931102485
931597016
933152935
933232668
933245124
933267870
933567094
933579656
933599888
934772304
935326053
936160579
936197621
937508051
940831284
941200037
942275415
943367272
943650029
944051438
944485204
944649776
945054401
947733923
948471006
949324428
949526456
949940563
950498308
950828470
951133696
951237123
951489638
951984142
952118192
952519800
952598333
953896535
954331602
954704231
956193494
956565433
956648447
957772124
957957387
958432438
960139859
961904570
962482880
963250417
965276402
965382160
966143525
966788687
967120189
967125750
967707652
967759227
967998429
969332879
969405155
970725526
970735942
973284384
973695345
974076180
974504527
974593067
975022190
975733664
977225904
977777421
981197065
983827869
985136556
985137126
985507600
986085552
986950763
987147205
987885405
988283942
989303404
989699155
991287993
991936825
992133322
992775935
994814045
995970677
996917527
997828360
998379039
998613567
999285677
999539245
999936874
1000794744
1001540210
1001559803
1001958533
1002235297
1002329413
1002674047
1003593422
1003858127
1004306472
1005788785
1006706231
1006992812
1007371502
1008376583
1008575832
1009957670
1010863994
1011352527
1011450299
1011694931
1012719811
1012805238
1013078197
1014283230
1015535860
1016242689
1016656949
1016705179
1018524113
1018547151
1019231262
1019424032
1021037649
1021867537
1024439362
1025260964
1026345708
1026788114
1027351914
1028127079
1029142885
1029791412
1030796457
1031726242
1031786262
1031966439
1032525216
1032595779
1032758100
1033108081
1033951409
1034265274
1034457142
1035351278
1035414842
1036493222
1036659029
1037387354
1038473280
1039060143
1039931948
1042245550
1042316595
1043174488
1044148915
1044354714
1045691160
1046748243
1049154137
1049180299
1049509740
1049968261
1050133597
1050797135
1052401967
1053095061
1053391635
1053810894
1054980965
1055627292
1055877786
1056178137
1056351680
1058627057
1059305951
1060070580
1060289589
1060793066
1061416396
1062016650
1062565387
1063045626
1063265297
1063512197
1063802084
1064143411
1065484515
1066542088
1066763960
1066832543
1066885980
1067207717
1067540332
1067743469
1068414639
1068528597
1068675245
1068802832
1069304292
1069560956
1069966215
1070559566
1071325989
1072191416
1073188696
1074701347
1075357935
1075801317
1076138185
1076178363
1076844147
1076953009
1077160277
1078011752
1078051705
1078747461
1078750612
1080537836
1080659736
1084575134
1084655334
1085343131
1085638470
1085898646
1085905288
1086124296
1086963026
1087104948
1087442693
1088622376
1092807452
1093804067
1094185490
1094675346
1096259269
1096390366
1096684811
1097127702
1097209847
1097539104
1097743463
1097772414
1097974883
1098672586
1098939267
1100169358
1100439413
1100541722
1101258314
1101392525
1101559485
1102651851
1103804387
1104047308
1104611290
1105077066
1105565043
1105570545
1106769147
1107123260
1108147615
1109643050
1110133207
1111401728
1111602804
1112393276
1112582404
1113089309
1113414483
1113480689
1114668457
1115389837
1116942308
1117310448
1118575656
1119535315
1119786107
1120631979
1120873391
1121209266
1123875431
1124058531
1124184815
1124292151
1124759296
1125218901
1125790039
1126092500
1126770100
1127550038
1128281091
1128360793
1128610543
1129447313
1129900208
1131343567
1131663610
1132161774
1133675441
1133780320
1133943376
1135782797
1135851549
1135976493
1137909916
1137909972
1139052049
1140113158
1140611603
1141022020
1141926555
1142351137
1143197160
1143469704
1143726866
1144545892
1144553814
1144933235
1145134379
1145365007
1147309094
1148257965
1148960288
1149699045
1149710411
1149844458
1150099362
1151052414
1151322969
1151963663
1153697820
1153933475
1153937678
1154068526
1154090828
1155148427
1155296479
1155668270
1155936244
1156528817
1156698045
1156990884
1157210835
1157707318
1159874844
1159995558
1160218350
1160291597
1161339770
1161933995
1162869682
1163719932
1163921308
1164103930
1164229270
1164733887
1166355539
1167094386
1168760364
1169159092
1170158621
1170390452
1171273408
1172904323
1173475785
1173511710
1173825113
1174070048
1174086152
1174306061
1175120168
1175506947
1176146478
1176999727
1177261198
1177343954
1177629610
1178012979
1178189289
1178916719
1179172306
1179242762
1179692781
1180070356
1180129348
1180149657
1180486236
1180722129
1180897059
1181804688
1182218939
1182284899
1182324959
1182844260
1182905485
1183066494
1183974805
1184138502
1184329933
1185146817
1185400527
1185959140
1186585662
1186749671
1187543745
1188380089
1188705325
1189082743
1189496674
1194748251
1196019632
1197679411
1197805724
1197972024
1200610157
1200924673
1201921569
1202381835
1202731509
1202900985
1203529226
1203732128
1203811462
1204610419
1205045144
1205644052
1206529043
1207667973
1210023049
1211081223
1212156561
1212522540
1213276095
1213753192
1214408990
1214682555
1214758744
1214880763
1215169449
1215335530
1215588630
1216138967
1216889216
1216952173
1217475783
1220630336
1223050771
1223205774
1223874209
1224560456
1225318364
1225612449
1226198358
1226541098
1227940109
1229006507
1229102162
1229188337
1231226977
1232258454
1232602887
1233274475
1233526455
1234117572
1234789685
1235538640
1236149028
1236245909
1236712480
1236777807
1237024299
1238119914
1238165080
1238887049
1238988474
1239008806
1239517574
1239752504
1240125986
1240928430
1241275075
1241326224
1241768434
1242018387
1242672616
1243597902
1244595049
1245083644
1246331462
1247507582
1247813857
1249144494
1249387168
1249614214
1249660192
1249682440
1250383612
1250724087
1250840388
1250938868
1251354210
1252334642
1253382570
1254525920
1254806585
1255268906
1256175537
1256241988
1257145828
1257275700
1258193309
1258470463
1259189025
1259829316
1259839095
1260089741
1260337134
1260617583
1260815495
1261138710
1261319239
1261624819
1263172240
1264424154
1264556730
1264658942
1266251477
1266271908
1266708729
1266796393
1266850490
1267027074
1267278587
1267533370
1267863938
1269412917
1270086514
1272835066
1274909218
1276110728
1276703758
1276862413
1277091331
1277879583
1278126953
1278669495
1279234035
1279650917
1279966393
1280029270
1282040411
1282233900
1282563054
1282802082
1283296170
1283584698
1284057724
1284178310
1284190769
1284625633
1286045923
1286122527
1286529317
1286711158
1286914000
1287485763
1288175520
1288431708
1288552962
1288638525
1289418637
1292135309
1293842252
1294078952
1295029780
1296892053
1298774799
1299140189
1299378969
1300394329
1300460568
1301343576
1301495658
1302510349
1302538871
1302692301
1302958708
1302982996
1304283043
1306400077
1306414878
1308875709
1308978560
1309173207
1310863796
1311670987
1312572750
1313066952
1313616533
1314439835
1315053791
1315472972
1315929511
1316230654
1316319633
1318270349
1318399592
1319520173
1319783743
1321448647
1321516040
1322634184
1324181959
1324223406
1324726406
1324756078
1325310117
1325433416
1326010713
1326046262
1326421391
1326483400
1326699176
1328035033
1328213766
1329699818
1329877556
1330024860
1330227745
1330387287
1330849009
1331529193
1331686680
1333489980
1333791500
1334515334
1334957492
1335818006
1336583735
1336954719
1338505779
1341550684
1341590269
1341976480
1343230341
1343318116
1343354675
1343636835
1343745198
1343927505
1344424075
1344591761
1345468971
1345978620
1346258738
1347881896
1348594167
1350431115
1350659676
1351854327
1351862039
1351984799
1356085222
1356397765
1356412964
1356911846
1358034671
1359068048
1359574992
1359810176
1359939384
1360996403
1362288204
1362386291
1363331099
1363605936
1364590052
1366128947
1366309885
1366643145
1367616911
1367645487
1368018672
1368056846
1371115992
1372221772
1372674675
1374542394
1375547326
1376743564
1377169892
1377317350
1377811973
1377981081
1379016974
1379386332
1379800247
1380481312
1380771923
1381852521
1382420548
1382685898
1382952839
1383241634
1383466536
1383500108
1385738498
1386126849
1386732712
1387345327
1387362204
1387506959
1387508011
1388543552
1388585514
1388642753
1388964787
1389058435
1389170687
1390442823
1391509000
1391774479
1392000815
1393078573
1393193665
1393568553
1395138140
1396761932
1396860243
1397027039
1398316549
1398791578
1399028112
1399841914
1399925784
1401029190
1401251687
1401967281
1402012361
1402951167
1403471413
1404222881
1404584934
1405577689
1405621614
1406310471
1406389827
1406566371
1407385682
1408308152
1409247262
1409510975
1410062728
1410876315
1412732464
1412929180
1413253117
1413565500
1413683421
1413752628
1414053335
1416144681
1416165834
1416212564
1416312766
1416977522
1417723724
1418958972
1419109215
1420229606
1420275615
1421179799
1421858574
1422050011
1422229133
1422709269
1423051288
1423375503
1424868991
1425510711
1425571884
1428070811
1428414358
1428548783
1429035754
1430257473
1430403570
1430963868
1431372108
1431483658
1431640105
1432110638
1432386482
1432509486
1434262588
1434418182
1434629556
1434751364
1435334727
1435997342
1436846427
1437541642
1437912961
1438069083
1438554740
1440577107
1440750928
1441384887
1441877275
1442141503
1442566491
1443541773
1444704572
1445137612
1445470745
1446273776
1447039285
1447320677
1447603675
1447731700
1447784229
1448348391
1448723667
1448744690
1450312238
1450365271
1450770410
1451716925
1451766993
1451905600
1453322877
1454513883
1454531174
1454938312
1455140931
1455471342
1457249367
1457492940
1457888683
1457890706
1458379901
1458434038
1459999991
1461162780
1461724771
1462182758
1462288544
1462722013
1462797647
1463295175
1463927141
1464273039
1464539443
1465101620
1465291338
1465679470
1467543461
1469855081
1471039943
1472244639
1472411366
1474649509
1475351876
1475472124
1475680854
1476374538
1477496995
1477546429
1477967047
1478232451
1479028142
1480478377
1481626456
1482537226
1482894469
1483660754
1484734408
1485380151
1485539664
1486038731
1488868497
1488900719
1489337442
1489409137
1489503093
1490058238
1490413656
1492946011
1494920165
1494927134
1495051516
1495360324
1496034076
1496334972
1496416018
1496841249
1497158829
1497232106
1499453860
1500104302
1501628802
1503303395
1503817930
1504011188
1504152567
1504829850
1505051145
1506102753
1506847684
1507269876
1511248442
1511337909
1511341699
1512043473
1512161121
1512456621
1513948100
1514773066
1515305418
1517991856
1518044011
1518976598
1518976903
1519439138
1520186845
1521396446
1521621656
1521793511
1522552409
1523375051
1523463511
1523562847
1525294967
1526032506
1527042476
1527752503
1528093943
1528802110
1529480462
1529759729
1530986320
1532173268
1532227627
1532756459
1532955629
1534085786
1534623371
1535488036
1535797493
1538255239
1538410118
1538678233
1539702876
1540315481
1540461893
1542057450
1542363189
1542492772
1542545590
1543778299
1545262468
1545655437
1546316556
1546581482
1546873251
1548448715
1548559032
1549286429
1550064422
1550090385
1550107310
1550237698
1551964329
1552756867
1553128668
1553615826
1554902774
1555711161
1555922400
1556501367
1556752577
1556837346
1557385027
1558112888
1559117257
1560635684
1561545511
1561638013
1562712799
1563248929
1563491068
1564081312
1564465642
1564738874
1564778619
1565422345
1565765404
1566941191
1567355963
1567529197
1567603339
1567915663
1568599033
1568714272
1568899819
1568963821
1569361133
1569389005
1570235592
1570235758
1570261248
1570343447
1570625274
1570772092
1571575697
1572152299
1573432748
1573898320
1574943478
1574968026
1575425675
1575446190
1575894042
1576889058
1577121737
1577697460
1577876248
1578767635
1578895518
1578960841
1579479706
1580088295
1580121135
1581316706
1581571941
1582532391
1583748890
1584738614
1584891695
1585365613
1585377033
1585912130
1587101236
1587330813
1588250715
1590267407
1593007033
1593108519
1593267473
1594100917
1594199841
1594200041
1595053906
1595517789
1595895189
1595969925
1595982827
1596041392
1596362949
1597342076
1598098400
1598996565
1599142052
1601809343
1602860221
1603246848
1603488038
1603794145
1603993773
1604525037
1604883523
1605823621
1607366139
1609688898
1610747777
1612451452
1612998597
1613059296
1614098442
1614132986
1615058656
1617003813
1617456528
1619831304
1621796032
1622127060
1622967709
1623903794
1624355696
1624781436
1625212180
1625882135
1627089277
1627505135
1628616352
1628800606
1629203385
1629713791
1630040606
1630151442
1632509546
1632582635
1634402936
1634490211
1634725329
1635960616
1637783723
1637939732
1638145741
1638732252
1639012834
1639044309
1640628017
1640899456
1643299506
1643480244
1644229501
1644643758
1644750576
1644999293
1645510365
1645570532
1645883834
1646100874
1646970182
1647286119
1647637689
1649062346
1649366809
1650802194
1651036355
1651187627
1652354776
1652490006
1653355670
1653414112
1654407406
1654703860
1656624830
1657014939
1658084705
1658315518
1658446710
1658748193
1659082675
1659357677
1659434047
1660872845
1661069486
1661322893
1661990473
1664278659
1664408637
1665496531
1665802791
1667133685
1667838500
1668493507
1668895651
1669511519
1669870202
1670502075
1670561800
1671435317
1671533870
1673061586
1673069294
1673115508
1673931752
1675161170
1675734817
1677979912
1678266480
1678894905
1679249433
1679393458
1680338786
1681010977
1681011386
1681426418
1682865406
1683001190
1685940929
1686526946
1687203241
1687704424
1691233841
1691295498
1692633559
1693919697
1694548956
1694975720
1695707562
1698393050
1698565142
1698804006
1699122498
1699863317
1701004974
1701163640
1702720916
1702891955
1704582973
1705735375
1706308674
1708179715
1711594689
1711961417
1712020521
1713373370
1714312513
1714339581
1715466057
1715484269
1715639713
1715714899
1715963382
1716394005
1716504383
1716919721
1717374788
1717505364
1717995655
1718287174
1718459414
1720213872
1720353468
1720512682
1721330762
1722141085
1722674804
1723755551
1724001121
1724298639
1724526351
1724893040
1725967622
1728390121
1728444161
1730134542
1730958669
1731043383
1731204818
1731571604
1732377124
1732590775
1732646920
1733388481
1734443242
1734749264
1735055227
1735736649
1735836357
1737153410
1737691350
1738399149
1738603642
1739200834
1740755415
1742278280
1743564407
1744490441
1744512138
1744898261
1745896272
1746203831
1746451195
1747388646
1747969458
1749804066
1749808630
1750448511
1751027451
1751972097
1752313663
1752886780
1753334711
1753570984
1753617089
1753708017
1753995645
1754096400
1754537136
1754985198
1755247144
1758270288
1759460706
1760245174
1760726004
1762082282
1763590355
1766667993
1766904933
1767016383
1768319957
1768501412
1768795300
1769721974
1770078121
1770097418
1770426231
1770647763
1771235022
1773914142
1775359429
1775722657
1777842381
1778162024
1779618052
1780848781
1782306607
1783009738
1783229156
1783293411
1784818305
1785123316
1785470694
1785507963
1785723884
1785955269
1786482481
1787377029
1788905156
1789350578
1789951271
1790624210
1790933333
1792135654
1795827539
1795897149
1796581390
1797468172
1797605366
1797617994
1798960646
1798979228
1799777411
1800022051
1800742880
1801083926
1801363233
1802260302
1802289111
1802672692
1803797852
1804164959
1805143057
1805237710
1806137848
1806546218
1806601538
1806939713
1807158028
1809129413
1809617835
1809775169
1811117048
1811462915
1811508935
1812696308
1813958133
1814290703
1815087196
1817231948
1817442110
1818051717
1819870163
1820247618
1821024249
1821686341
1822050402
1822832249
1824803334
1824863613
1825250333
1825355295
1825983709
1826368527
1826707506
1826835254
1827617253
1827757112
1828809531
1828956036
1829463726
1829685997
1831970898
1833424324
1834402076
1834901776
1835968863
1836258662
1836813993
1837032503
1837073747
1837467905
1837484725
1837840888
1838502872
1838640218
1838712610
1841472772
1841678566
1841728624
1841877715
1841971387
1842078245
1842193246
1842222645
1842799244
1843174310
1843422079
1844553478
1845172222
1845924501
1846307028
1847479211
1847702007
1848142982
1848309354
1848748473
1849325766
1850087599
1851794013
1851835551
1852124322
1852225811
1852775702
1853760767
1854148877
1855621430
1855630585
1855960450
1856139639
1856286759
1856632938
1856751159
1856817370
1857129006
1857191491
1857406737
1857759997
1858182750
1859189962
1859684047
1861960767
1862431952
1862673845
1862688304
1863126350
1867321120
1867584087
1869013789
1869064024
1869351195
1869412670
1869537569
1869650046
1869992094
1870640648
1871914760
1872214612
1872247971
1872580345
1872964971
1874365769
1874573753
1874874303
1875309678
1875855341
1876063352
1876398830
1876590840
1877933737
1878609489
1879233894
1879459743
1881288455
1881319551
1881652379
1882598798
1882660775
1882665154
1882748804
1883629563
1883637992
1883730977
1884843143
1885106668
1885430106
1886882377
1888110906
1888362228
1888442950
1888507943
1889589082
1890230485
1891446665
1891472692
1892369700
1892992977
1893571073
1893680623
1893739253
1894712101
1895736953
1896770488
1897171419
1897248109
1897327108
1897973895
1898365668
1898468909
1898619462
1899739362
1900695459
1900748747
1900981723
1901451242
1901727234
1902129280
1902425004
1902827201
1903091421
1903485900
1903947232
1905488948
1905548928
1905683655
1906973214
1907483291
1907825419
1908184384
1908448704
1908714414
1910080955
1910274526
1911583879
1911604740
1912351634
1915057115
1915486264
1915513507
1915606139
1915953668
1918099088
1918564646
1918699566
1919132125
1920058340
1920158214
1920396310
1920720758
1921443327
1921503995
1922208887
1923202606
1923307865
1923761891
1924105677
1925285749
1925688703
1926244103
1926525541
1927075267
1927856333
1927865040
1928396641
1928823559
1929214282
1929518382
1931996503
1933410367
1933649634
1933811408
1934026947
1934667574
1936101448
1936602884
1936913242
1937258280
1938013455
1938527159
1938910700
1940364009
1941166195
1941561087
1942284957
1945502923
1946171801
1946693359
1947060721
1947681281
1949595836
1949695881
1949711019
1950996488
1951455515
1951727143
1951840225
1952178851
1952726046
1952888900
1953031308
1953809620
1953892391
1954374652
1954615513
1954824146
1956014662
1957753727
1958409089
1958553871
1960223161
1961401377
1963123858
1963581658
1964849954
1966099527
1967181967
1967830119
1968161512
1968166840
1968248216
1968787841
1969778918
1971751062
1972338246
1972432935
1973823229
1975233167
1975238105
1976641668
1976789876
1976851592
1978012693
1978829218
1978905263
1979487217
1979718492
1981208445
1981856106
1981941378
1982236496
1983541287
1983802204
1986359564
1987192766
1987348789
1987450270
1987685148
1987701789
1988691547
1989686346
1989787840
1989898093
1990259615
1990433856
1990933895
1991161741
1992352021
1993300959
1993573609
1994421423
1994425919
1994903535
1995229182
1995478504
1997055057
1998590256
1998618021
1998772398
1999367525
1999384805
1999483640
1999546788
2000748007
2002296050
2002793601
2003223159
2004905850
2005278270
2005328071
2005468423
2008203078
2010070076
2010430321
2010862725
2011028188
2011304351
2014317335
2014816054
2015515757
2015621538
2016125470
2016254507
2017338467
2017610301
2018040775
2018255505
2019136719
2019282205
2019818976
2020003585
2020407407
2022711027
2024597139
2024645877
2024892928
2026842143
2033305661
2033772364
2034461494
2034712596
2035774905
2035944706
2036187577
2036245433
2036273313
2036921004
2037974387
2038624970
2039537909
2040973689
2041886036
2042719602
2043242532
2043312823
2043597026
2044242290
2046260848
2047360507
2047827216
2048207721
2049684294
2050399466
2051114091
2051184842
2052133128
2052604901
2053219396
2053232636
2054095976
2054192466
2055467808
2055837588
2056389284
2056400372
2056587622
2056757903
2057300786
2057479290
2058440853
2058707463
2062505140
2063213703
2066839294
2067217479
2068698755
2068887092
2068954298
2069290079
2069395640
2069743768
2069751811
2069752182
2071604524
2072099181
2072315113
2073123068
2073662137
2074070492
2074670547
2075006651
2075029428
2076280037
2076429669
2076627600
2077245712
2077575521
2078456889
2078893304
2079021845
2079057837
2081534298
2082099621
2082237181
2082846210
2083409379
2083509534
2083993197
2084723177
2086195871
2086873514
2086933166
2089602614
2089660613
2090115174
2090887186
2092680777
2092784628
2093303609
2093508210
2093571173
2094267786
2094785896
2096408961
2096989284
2097086484
2097659435
2097772634
2098212650
2098324024
2098537124
2098644501
2098907356
2099461000
2099889677
2101258886
2102435562
2102766046
2103759206
2106304630
2107215121
2108121922
2108566896
2108719696
2108771076
2110606668
2111211625
2111720968
2113034929
2114254311
2114691550
2114824952
2115873702
2115915815
2116748123
2116922622
2117137531
2118241246
2118915830
2120139577
2120836947
2121483061
2122074757
2122223937
2122305251
2122662908
2122815023
2123174490
2123597776
2123935915
2125154381
2125169726
2125323275
2125521939
2126372634
2126694552
2127021878
2127386712
2128577720
2128907811
2128938367
2129184897
2129498195
2129952863
2130111065
2130135547
2131421853
2131695799
2131796344
2131918780
2132697949
2132705796
2133363040
2133714236
2133914963
2134105322
2134609498
2134616421
2135958185
2136097594
2136270193
2137495690
2137657507
2138190951
2138823268
2139228737
2139675424
2139962934
2140917952
2142042306
2142352469
2143821896
2144508602
2145597856
2145619347
2146443401
2146854601
