235
563242719
946837109
1895509920
998860305
1122404785
514268594
18692228
1746182922
513882271
1592860059
591704354
156803022
177692794
252290712
1638913874
1684605165
2112049411
563717970
204370038
2014825825
1911353724
730787403
1433344575
206190146
119370907
1208791720
453605159
59480274
1031565897
1647207345
1380990509
1594808617
446560806
1129016781
446185274
1568965592
1643285375
464877503
1167664866
9683999
2057737562
1759369220
166487021
87946709
2011659933
1805400895
1772551874
1976225696
221635217
1976921912
1843567873
2132988941
560225668
1129428801
191695440
679596575
190736873
645300599
739076850
1222302770
145024297
2120067359
669627739
591585103
1101600493
1115813014
13067047
597402220
1580690517
1180731914
607086219
1490944431
792617486
773573240
1578891140
656793771
431490487
1203959367
485535819
653125705
1033397631
181620045
638630998
1593623299
1311048846
830326438
125736227
1501785719
1475627038
864813077
576604841
1620651335
837396788
1246232581
64752790
1938997281
214561947
77819838
388915854
1795252464
1258551752
996002073
1138713247
2051169238
1769575314
570120740
560479362
53582153
1774080107
1046015181
706707858
659994090
1227635226
1345338857
106133742
391200424
28181647
231869969
1892986143
1503808685
1096683046
322107337
976976372
1934079834
1568339918
1041729163
1725593468
1782901865
1119549001
2114509322
1430670681
230617105
963027747
421900280
134302695
585119413
992021020
694782057
638701567
618617479
1740797239
1345409425
1278611570
820948817
543264634
1384745312
1212149242
571446282
1616615281
957651737
2075254967
565814679
1279759074
904747692
352410865
700615344
1946476855
2078004333
336033561
918542208
2045030007
1766704242
1149159313
860574107
41120875
1283462008
1445693520
1033141895
1978244066
2084395087
1651759375
1571557657
1282320865
782887297
245022826
1825585499
20148961
1457172068
249548133
1636764242
267340158
177319453
55095273
1547099232
1082067145
407506138
100230929
881060352
338026824
436264490
1799602560
235573183
55485085
801278225
1096147290
96605960
2084740233
394357163
1129747855
1915500651
331268602
634023582
1339574660
1613589467
1416910879
1584597487
1291691319
1437059840
894285907
1541239452
926340434
1161626065
1718558905
981435707
561241650
653142402
1388941846
661472579
1534202754
1726968670
1097737069
1186321666
1962541853
1153222154
1987599891
911205496
1249828114
1924856477
1305562659
232092322
1692873480
1636831261
866115904
884964493
1102937081
